H:  -1.11708808
He:  0.00079129
Li: -0.29837373
Be: -0.04202490
B:  -0.31054239
C:  -1.28229914
N:  -3.12409945
O:  -1.56709980
F:  -0.45903076
Ne: -0.01251544
Na: -0.22988605
Mg: -0.00948570
Al: -0.23673747
Si: -0.84576351
P:  -1.88751809
S:  -0.91027731
Cl: -0.27749893
Ar: -0.02492917
K:  -0.18157900
Ca: -0.02700207
Sc: -2.03423268
Ti: -2.13600823
V:  -3.54673899
Cr: -5.44733871
Mn: -5.14755952
Fe: -3.22118315
Ni: -0.62657875
Cu: -0.23465677
Zn: -0.01131405
Ga: -0.23289694
Ge: -0.79912192
As: -1.70204026
Se: -0.80357041
Br: -0.24655426
Kr: -0.02232151
Rb: -0.16693122
Sr: -0.03055215
Y:  -2.15805607
Nb: -3.13333588
Mo: -4.60272552
Tc: -3.35566244
Ru: -2.02939663
Rh: -1.19074652
Pd: -1.47564627
Ag: -0.19922673
Cd: -0.01475218
In: -0.21793910
Sn: -0.70039230
Sb: -1.43090662
Te: -0.67734647
I:  -0.20839471
Xe: -0.01121455
Cs: -0.14458498
Ba: -0.03660405
La: -0.41686123
Ce: -1.04561750
Pr: -0.18378808
Nd: -0.18184800
Pm: -0.17840705
Sm: -0.17796290
Eu: -8.38192155
Tb: -0.17300698
Dy: -0.17196247
Ho: -0.17187152
Er: -0.17217145
Tm: -0.17183211
Yb:  0.00011380
Lu: -0.17147803
Hf: -3.18620955
Ta: -3.41476825
W:  -4.53663535
Re: -4.63493814
Os: -2.76847528
Au: -0.18507233
Hg: -0.01125793
Tl: -0.20062575
Pb: -0.65089095
Bi: -1.32481782
Ac: -0.17090251
Th: -0.84139123