H:  -1.11714161
He:  0.00076383
Li: -0.31892110
Be: -0.04404867
B:  -0.30960408
C:  -1.28211408
N:  -3.12406618
O:  -1.56708216
F:  -0.45902894
Ne: -0.01252784
Na: -0.25757638
Mg: -0.01729831
Al: -0.22898195
Si: -0.84311478
P:  -1.88570393
S:  -0.90991870
Cl: -0.27740146
Ar: -0.02490136
K:  -0.25569644
Ca: -0.06380606
Sc: -2.05714056
Ti: -2.34862160
V:  -2.79935491
Cr: -4.21395008
Mn: -5.15470993
Fe: -3.22627533
Co: -1.74904071
Ni: -0.62955276
Cu: -0.23691429
Zn: -0.01286314
Ga: -0.22422565
Ge: -0.79543480
As: -1.70082218
Se: -0.80280921
Br: -0.24629581
Kr: -0.02222428
Rb: -0.25807852
Sr: -0.08769391
Y:  -2.19323824
Zr: -2.27088553
Nb: -3.16165785
Mo: -4.60940506
Tc: -3.28250125
Ru: -2.03407263
Rh: -1.12998752
Pd: -0.51776750
Ag: -0.20286760
Cd: -0.01759609
In: -0.20506011
Sn: -0.69377778
Sb: -1.42803930
Te: -0.67565278
I:  -0.20757889
Xe: -0.01092306
Ba: -0.13560387
La: -0.49634119
Ce: -0.91383555
Lu: -0.29848975
Hf: -2.13051757
Ta: -3.17363682
W:  -4.53982162
Re: -4.63975379
Os: -2.91557576
Ir: -1.50769679
Au: -0.18614480
Hg: -0.01220084
Tl: -0.18403265
Pb: -0.64235715
Bi: -1.32085370
Ac: -0.32796798
Th: -1.10591405
Pa: -2.10759311
U:  -4.53637782
Np: -7.24366190