H:  -0.94520333
He: -0.00732000
Li: -0.30507604
Be: -0.02485425
B:  -0.30206539
C:  -1.34854798
N:  -3.17531473
O:  -1.61154564
F:  -0.47871180
Ne:  0.00074957
Na: -0.26733196
Mg: -0.00912083
Al: -0.26189175
Si: -0.85858575
P:  -1.85737922
S:  -0.92810920
Cl: -0.31515427
Ar: -0.02205270
K:  -0.25282097
Ca: -0.04078338
Sc: -1.95724803
Ti: -1.96291432
V:  -2.29593024
Mn: -4.66570215
Fe: -2.26702091
Co:  0.69870636
Ni:  0.46111313
Cu:  0.88517394
Zn:  0.53803222
Ga: -0.27734170
Ge: -0.83409611
As: -1.70060324
Se: -0.82719737
Br: -0.27300847
Kr: -0.01432562
Rb: -0.27972206
Sr: -0.09291260
Y:  -2.18373651
Zr: -1.51586721
Nb: -1.92047786
Tc: -2.57260174
Rh:  1.14831504
Pd: -0.57151413
Ag:  1.05607873
Cd: -0.03033174
In: -0.24202933
Sn: -0.72884380
Sb: -1.44376152
Te: -0.70643636
I:  -0.24347691
Xe: -0.00837734
Cs: -0.30337209
Ba: -0.13972869
La: -0.49933711
Ce: -0.29913335
Pr: -0.28735404
Nd: -0.28216940
Pm: -0.27794456
Gd: -0.26080751
Tb: -0.25739875
Dy: -0.25382862
Ho: -0.25252821
Er: -0.24998689
Tm: -0.24727633
Yb: -0.02522300
Lu: -0.24392058
Hf: -2.89897843
Ta: -2.24340248
W:  -3.65953791
Re: -3.89682478
Os: -1.59257198
Ir: -0.50840470
Pt:  1.26817408
Au:  0.98968374
Hg: -0.02330448
Tl: -0.25421573
Pb: -0.69601287
Bi: -1.36347193
Rn: -0.01375733
Fr: -0.27179163
Ra: -0.10513216
Ac: -0.34261477
Th: -1.01373287
Pa:  0.95586401
Np: -5.21445494
Am: -13.58960493