# Fix spin using atom_magnetization.yaml
H:  -1.11039176
He:  0.00170208
Li: -0.31576383
Be: -0.04043317
B:  -0.34782757
C:  -1.31787551
N:  -3.11061920
O:  -1.58987084
F:  -0.47159549
Ne:  0.00849026
Na: -0.25037029
Mg: -0.00830095
Al: -0.26751885
Si: -0.88207532
P:  -1.88854530
S:  -0.94621947
Cl: -0.31936305
Ar: -0.02717235
K:  -0.23474794
Ca: -0.04120921
Sc: -1.96874631
Ti: -2.07320438
V:  -1.54135353
Cr: -3.49685641
Mn: -4.64029711
Fe: -2.36252357
Co: -1.16847929
Ni:  0.34043950
Cu:  0.92552702
Zn:  0.54250956
Ga: -0.26231346
Ge: -0.82068365
As: -1.70212553
Se: -0.84162490
Br: -0.27838304
Kr: -0.01717805
Rb: -0.25744010
Sr: -0.08671130
Y:  -2.19489430
Zr: -1.60354612
Nb: -1.67008882
Mo: -3.67283050
Tc: -2.60221318
Ru:  0.12422772
Rh:  1.18318318
Pd:  1.20189788
Ag:  1.10064622
Cd: -0.02019272
In: -0.22439162
Sn: -0.70225709
Sb: -1.42835771
Te: -0.71550284
I:  -0.24620155
Xe: -0.00518322
Cs: -0.27298981
Ba: -0.13877828
La: -0.49436142
Ce: -0.26060261
Lu: -0.23578285
Hf: -0.23319721
Ta: -1.61583842
W:  -3.57465018
Re: -3.95669564
Os: -1.65545430
Ir:  1.11902249
Pt:  1.24934038
Au:  1.01601041
Hg: -0.01443997
Tl: -0.22569303
Pb: -0.65270485
Bi: -1.32280211
Ac: -0.35758179
Th: -1.07777304
Pa: 1.07951390
U:  -3.63565625
Np: -5.19205860