# Fix spin using atom_magnetization.yaml
H:  -0.94520333
He: -0.00732002
Li: -0.30507604
Be: -0.02485434
B:  -0.30206539
C:  -1.34854799
N:  -3.17531488
O:  -1.61154565
F:  -0.47871180
Ne:  0.00074951
Na: -0.26733196
Mg: -0.00912097
Al: -0.26189175
Si: -0.85858577
P:  -1.85737945
S:  -0.92810926
Cl: -0.31515427
Ar: -0.02205262
K:  -0.25282100
Ca: -0.04078336
Sc: -1.95402999
Ti: -1.96291436
V:  -1.52525229
Cr: -3.53958571
Mn: -4.66570379
Fe: -2.26702088
Co: -0.98371403
Ni:  0.46111365
Cu:  0.88517394
Zn:  0.53803227
Ga: -0.27734170
Ge: -0.83409611
As: -1.70060347
Se: -0.82719807
Br: -0.27300847
Kr: -0.01432561
Rb: -0.27972190
Sr: -0.09291265
Y:  -2.18373651
Zr: -1.51586723
Nb: -1.70716421
Mo: -3.69881672
Tc: -2.57259879
Ru:  0.12185135
Rh:  0.38956879
Pd:  1.16471833
Ag:  1.05609654
Cd: -0.03033177
In: -0.24202933
Sn: -0.72884376
Sb: -1.44376218
Te: -0.70643636
I:  -0.24347691
Xe: -0.00837743
Ba: -0.13972863
La: -0.49933686
Ce: -0.27716276
Lu: -0.24392058
Hf: -0.33385829
Ta: -1.70317320
W:  -3.65953782
Re: -3.89682485
Os: -1.59257157
Ir:  1.12971590
Pt:  1.27763379
Au:  0.98968374
Hg: -0.02330451
Tl: -0.25421573
Pb: -0.69601287
Bi: -1.36347162
Ac: -0.34261477
Th: -1.01373283
Pa:  0.95586474
U:  -3.95203098
Np: -5.04353791